# Tetrahedron method
       -1.6061587866        0.0000000000
       -1.5098958680        0.0000000000
       -1.4136329495        0.0000000000
       -1.3173700310        0.0000000000
       -1.2211071124        0.0000000000
       -1.1248441939        0.0000000000
       -1.0285812754        0.0000000000
       -0.9323183568        0.0000000000
       -0.8360554383        0.0000000000
       -0.7397925198        0.0000000000
       -0.6435296012        0.0000000000
       -0.5472666827        0.0000000000
       -0.4510037642        0.0000000000
       -0.3547408456        0.0000000000
       -0.2584779271        0.0000000000
       -0.1622150086        0.0000000000
       -0.0659520900        0.0000000000
        0.0303108285        0.0004239466
        0.1265737470        0.0079744964
        0.2228366655        0.0280704053
        0.3190995841        0.0901018694
        0.4153625026        0.1654028551
        0.5116254211        0.2340167785
        0.6078883397        0.3305555033
        0.7041512582        0.4433729800
        0.8004141767        0.5672832369
        0.8966770953        0.7202636436
        0.9929400138        0.8866181043
        1.0892029323        1.0651542561
        1.1854658509        1.2880401900
        1.2817287694        1.5301083099
        1.3779916879        1.7896536448
        1.4742546065        2.1181185052
        1.5705175250        2.6092848996
        1.6667804435        3.4783776312
        1.7630433621        2.7766792536
        1.8593062806        3.4304817723
        1.9555691991        5.3271821313
        2.0518321177        5.4652003994
        2.1480950362        6.3326017396
        2.2443579547        6.1147506813
        2.3406208732        6.3717501721
        2.4368837918        7.0433539364
        2.5331467103        7.2336989922
        2.6294096288        7.3000899310
        2.7256725474       11.0613704235
        2.8219354659       15.3208362891
        2.9181983844       20.4883108320
        3.0144613030       27.2231841974
        3.1107242215       21.7087204715
        3.2069871400        9.4630358132
        3.3032500586        9.7847979158
        3.3995129771        5.0166767944
        3.4957758956        7.1193110873
        3.5920388142       16.4261779042
        3.6883017327       35.4780985649
        3.7845646512       31.5528951018
        3.8808275698       26.9871731855
        3.9770904883       20.0261008467
        4.0733534068       18.3817343804
        4.1696163254       28.7906464336
        4.2658792439       14.8152530449
        4.3621421624       14.1380574150
        4.4584050810        4.6587102373
        4.5546679995        2.1833057485
        4.6509309180        5.1996719977
        4.7471938365        6.3099459617
        4.8434567551       11.0288168559
        4.9397196736       13.0841925015
        5.0359825921       10.6409467573
        5.1322455107        9.1426707249
        5.2285084292        9.4662047599
        5.3247713477       10.9352730399
        5.4210342663       15.2894328419
        5.5172971848        9.5447663251
        5.6135601033        9.7573360611
        5.7098230219       12.3102754884
        5.8060859404       12.2141070778
        5.9023488589       10.2058294331
        5.9986117775        9.9951451581
        6.0948746960        8.2776351351
        6.1911376145        5.6933052392
        6.2874005331        6.1403836956
        6.3836634516        8.8215567892
        6.4799263701        9.9538913687
        6.5761892887       18.5303191047
        6.6724522072       24.2632969148
        6.7687151257       13.2780626090
        6.8649780442       17.3287046379
        6.9612409628       16.3369780616
        7.0575038813        5.3885473004
        7.1537667998       30.8602540935
        7.2500297184       26.2639618485
        7.3462926369       19.3114007809
        7.4425555554       13.7582913996
        7.5388184740       17.9533180684
        7.6350813925       11.0894908222
        7.7313443110       22.4708686307
        7.8276072296       21.5415791418
        7.9238701481       31.0978826431
        8.0201330666       16.9897042179
        8.1163959852       23.3890662050
        8.2126589037       10.1729602178
        8.3089218222       22.3724412595
        8.4051847408       27.0808950157
        8.5014476593       28.5359352790
        8.5977105778       18.1021076053
        8.6939734964       23.6679536330
        8.7902364149        7.7569034748
        8.8864993334       14.1260344092
        8.9827622520        9.0711880845
        9.0790251705       13.0424566300
        9.1752880890       17.1666559298
        9.2715510075       10.2258657277
        9.3678139261       12.9794241183
        9.4640768446       15.9209873738
        9.5603397631       14.5095761087
        9.6566026817       17.9327866731
        9.7528656002       24.3351924414
        9.8491285187       19.2817306161
        9.9453914373       23.2439427611
       10.0416543558       20.4484129685
       10.1379172743       16.0879910034
       10.2341801929        6.7638657979
       10.3304431114        8.1912488603
       10.4267060299        6.8549281235
       10.5229689485       10.0404561329
       10.6192318670       15.8380030204
       10.7154947855       13.4005696506
       10.8117577041       10.0097077981
       10.9080206226        9.3739042811
       11.0042835411        6.2351285496
       11.1005464597       22.5208339670
       11.1968093782       12.3437796828
       11.2930722967       38.5850251038
       11.3893352152       30.7685614170
       11.4855981338       21.9345020416
       11.5818610523        8.3490226939
       11.6781239708       16.6787653907
       11.7743868894       14.2279011377
       11.8706498079       13.3713182996
       11.9669127264       18.5296742795
       12.0631756450        0.0000000000
       12.1594385635        0.0000000000
       12.2557014820       11.4496447717
       12.3519644006        0.0000000000
       12.4482273191       10.6648207625
       12.5444902376        0.0555497972
       12.6407531562        1.8404094257
       12.7370160747        5.1929673649
       12.8332789932        4.2564505216
       12.9295419118        7.2428278006
       13.0258048303       22.5944545571
       13.1220677488        0.0000000000
       13.2183306674        0.0000000000
       13.3145935859        0.0000000000
       13.4108565044        0.0000000000
       13.5071194230        0.0000000000
       13.6033823415        0.0000000000
       13.6996452600        0.0000000000
       13.7959081785        0.0000000000
       13.8921710971        0.0000000000
       13.9884340156        0.0000000000
       14.0846969341        0.0000000000
       14.1809598527        0.0000000000
       14.2772227712        0.0000000000
       14.3734856897        0.0000000000
       14.4697486083        0.0000000000
       14.5660115268        0.0000000000
       14.6622744453        0.0000000000
       14.7585373639        0.0000000000
       14.8548002824        0.0000000000
       14.9510632009        0.0000000000
       15.0473261195        0.0000000000
       15.1435890380        0.0000000000
       15.2398519565        0.0000000000
       15.3361148751        0.0000000000
       15.4323777936        0.0000000000
       15.5286407121        0.0000000000
       15.6249036307        0.0000000000
       15.7211665492        0.0000000000
       15.8174294677        0.0000000000
       15.9136923862        0.0000000000
       16.0099553048       18.0460479498
       16.1062182233        0.0000000000
       16.2024811418        0.0000000000
       16.2987440604        0.0000000000
       16.3950069789        0.0000000000
       16.4912698974        0.0000000000
       16.5875328160        0.0000000000
       16.6837957345        0.0000000000
       16.7800586530        0.0000000000
       16.8763215716        0.0000000000
       16.9725844901        0.0000000000
       17.0688474086        0.0000000000
       17.1651103272        0.0000000000
       17.2613732457        0.0000000000
       17.3576361642        0.0000000000
       17.4538990828        0.0000000000
       17.5501620013        0.0000000000
       17.6464249198        0.0000000000
