# Tetrahedron method
       -5.6019496166        0.0000000000
       -5.4054030857        0.0000000000
       -5.2088565548        0.0000000000
       -5.0123100239        0.0000000000
       -4.8157634930        0.0000000000
       -4.6192169621        0.0000000000
       -4.4226704312        0.0000000000
       -4.2261239002        0.0000000000
       -4.0295773693        0.0000000000
       -3.8330308384        0.0000000000
       -3.6364843075        0.0000000000
       -3.4399377766        0.0000000000
       -3.2433912457        0.0000000000
       -3.0468447148        0.0000000000
       -2.8502981839        0.0000000000
       -2.6537516530        0.0000000000
       -2.4572051221        0.0000000000
       -2.2606585912        3.2525563266
       -2.0641120603        2.9680269032
       -1.8675655294        0.0000000000
       -1.6710189985        0.8586920316
       -1.4744724676        0.8599094164
       -1.2779259367        1.4352829511
       -1.0813794058        0.8177279492
       -0.8848328749        0.4145839509
       -0.6882863440        0.2552136083
       -0.4917398131        0.2129141197
       -0.2951932822        0.2285830127
       -0.0986467513        0.1757457644
        0.0978997796        0.1832505825
        0.2944463105        0.3091373873
        0.4909928414        0.5340990105
        0.6875393723        0.7623717399
        0.8840859032        1.1603809166
        1.0806324341        1.7385482738
        1.2771789650        2.2711472189
        1.4737254959        2.8426191404
        1.6702720268        2.7166082279
        1.8668185577        2.6421055900
        2.0633650886        2.6597012834
        2.2599116195        2.6797679853
        2.4564581504        2.6966972093
        2.6530046813        1.5781923626
        2.8495512123        5.4323195924
        3.0460977432        2.8869552130
        3.2426442741        3.4971188110
        3.4391908050        3.9977899254
        3.6357373359        6.2895474690
        3.8322838668        4.4111292856
        4.0288303977        3.3378123834
        4.2253769286        4.3837612630
        4.4219234595        1.7757480948
        4.6184699904        0.2274258253
        4.8150165213        0.0000000000
        5.0115630522        0.0000000000
        5.2081095831        0.0000000000
        5.4046561140        0.0000000000
        5.6012026449        0.0000000000
        5.7977491758        3.9397480489
        5.9942957067        8.3381246443
        6.1908422376        3.5334138415
        6.3873887685        0.0000000000
        6.5839352994        0.0000000000
        6.7804818303        0.0000000000
        6.9770283612        0.0000000000
        7.1735748921        2.7152804441
        7.3701214230        4.9276870781
        7.5666679539        0.0000000000
        7.7632144848        0.0000000000
        7.9597610157        0.0000000000
        8.1563075466        0.0000000000
        8.3528540775        0.0000000000
        8.5494006084        0.0000000000
        8.7459471393        0.0000000000
        8.9424936702        0.0000000000
        9.1390402011        0.0000000000
        9.3355867320        0.0000000000
        9.5321332629        0.0000000000
        9.7286797939        0.0000000000
        9.9252263248        0.0000000000
       10.1217728557        0.0000000000
       10.3183193866        0.0000000000
       10.5148659175        0.0000000000
       10.7114124484        0.0000000000
       10.9079589793        0.0000000000
       11.1045055102        0.0000000000
       11.3010520411        0.0000000000
       11.4975985720        0.0000000000
       11.6941451029        0.0000000000
       11.8906916338        0.0000000000
       12.0872381647        0.0000000000
       12.2837846956        0.0000000000
       12.4803312265        0.0000000000
       12.6768777574        0.0000000000
       12.8734242883        0.0757746544
       13.0699708192        0.0039690611
       13.2665173501        2.0172973547
       13.4630638810        0.0000000000
       13.6596104119        5.4870476611
       13.8561569428        4.8007024585
       14.0527034737        0.0000000000
       14.2492500046        0.0000000000
       14.4457965355        0.0000000000
       14.6423430664        0.0000000000
       14.8388895973        0.0000000000
       15.0354361282        0.0000000000
       15.2319826591        0.0000000000
       15.4285291900        0.0000000000
       15.6250757209        0.0000000000
       15.8216222518        0.0000000000
       16.0181687827        0.0000000000
       16.2147153136        0.0000000000
       16.4112618445        0.0000000000
       16.6078083755        0.0000000000
       16.8043549064        0.0000000000
       17.0009014373        0.0000000000
       17.1974479682        7.6995181802
       17.3939944991        8.7086278721
       17.5905410300        6.9169391892
       17.7870875609       15.9664219060
       17.9836340918        0.0000000000
       18.1801806227        0.0000000000
       18.3767271536        0.0000000000
       18.5732736845        0.0000000000
       18.7698202154        0.0000000000
       18.9663667463        0.0000000000
       19.1629132772        0.0000000000
       19.3594598081        0.0000000000
       19.5560063390        0.0000000000
       19.7525528699        0.0000000000
       19.9490994008        0.0000000000
       20.1456459317        0.0000000000
       20.3421924626        0.0000000000
       20.5387389935        0.0000000000
       20.7352855244        0.0000000000
       20.9318320553        0.0000000000
       21.1283785862        0.0000000000
       21.3249251171        0.0000000000
       21.5214716480        0.0000000000
       21.7180181789        0.0000000000
       21.9145647098        0.0000000000
       22.1111112407        0.0000000000
       22.3076577716        0.0000000000
       22.5042043025        0.0000000000
       22.7007508334        0.0000000000
       22.8972973643        0.0000000000
       23.0938438952        0.0000000000
       23.2903904261        0.0000000000
       23.4869369571        0.0000000000
       23.6834834880        0.0000000000
       23.8800300189        9.0563839530
       24.0765765498        0.0000000000
       24.2731230807        0.0000000000
       24.4696696116        0.0000000000
       24.6662161425        0.0000000000
       24.8627626734        0.0000000000
       25.0593092043        0.0000000000
       25.2558557352        0.0000000000
       25.4524022661        0.0000000000
       25.6489487970        0.0000000000
       25.8454953279        0.0000000000
       26.0420418588        0.0000000000
       26.2385883897        0.0000000000
       26.4351349206        0.0000000000
       26.6316814515        0.0000000000
       26.8282279824        0.0000000000
       27.0247745133        0.0000000000
       27.2213210442        0.0000000000
       27.4178675751        0.0000000000
       27.6144141060        0.0000000000
       27.8109606369        0.0000000000
       28.0075071678        0.0000000000
       28.2040536987        0.0000000000
       28.4006002296        0.0000000000
       28.5971467605        0.0000000000
       28.7936932914        0.0000000000
       28.9902398223        0.0000000000
       29.1867863532        0.0000000000
       29.3833328841        7.7631372043
       29.5798794150        0.0000000000
       29.7764259459        0.0000000000
       29.9729724768       15.2618174670
       30.1695190077        0.0000000000
       30.3660655387        6.0803268291
       30.5626120696        0.0000000000
       30.7591586005        0.0000000000
       30.9557051314        0.0000000000
       31.1522516623        0.0000000000
       31.3487981932        0.0000000000
       31.5453447241        0.0000000000
       31.7418912550        0.0000000000
       31.9384377859        0.0000000000
       32.1349843168        0.0000000000
       32.3315308477        0.0000000000
       32.5280773786        0.0000000000
       32.7246239095        0.0000000000
       32.9211704404        0.0000000000
       33.1177169713        0.0000000000
       33.3142635022        0.0000000000
       33.5108100331        0.0000000000
       33.7073565640        0.0000000000
