# Tetrahedron method
       -6.2395605769        0.0000000000
       -6.0365870169        0.0000000000
       -5.8336134569        0.0000000000
       -5.6306398969        0.0000000000
       -5.4276663369        0.0000000000
       -5.2246927769        0.0000000000
       -5.0217192169        0.0000000000
       -4.8187456569        0.0000000000
       -4.6157720970        0.0000000000
       -4.4127985370        0.0000000000
       -4.2098249770        0.0000000000
       -4.0068514170        0.0000000000
       -3.8038778570        0.0000000000
       -3.6009042970        0.0000000000
       -3.3979307370        0.0000000000
       -3.1949571770        0.0000000000
       -2.9919836170        0.0000000000
       -2.7890100570        0.1534741629
       -2.5860364970        0.2125232812
       -2.3830629370        0.2778669682
       -2.1800893770        0.4533082606
       -1.9771158171        0.7153486995
       -1.7741422571        0.7168120999
       -1.5711686971        0.6034904903
       -1.3681951371        0.4959366748
       -1.1652215771        0.4390042147
       -0.9622480171        0.3605051910
       -0.7592744571        0.2687759694
       -0.5563008971        0.2016261794
       -0.3533273371        0.1624785774
       -0.1503537771        0.1553534228
        0.0526197829        0.1583901765
        0.2555933429        0.1664865706
        0.4585669029        0.1948210271
        0.6615404628        0.2680811884
        0.8645140228        0.3090831608
        1.0674875828        0.3378898361
        1.2704611428        0.4325451093
        1.4734347028        0.5383629321
        1.6764082628        0.6976415250
        1.8793818228        0.8930135728
        2.0823553828        1.1359177544
        2.2853289428        2.0029952843
        2.4883025028        4.0471374400
        2.6912760628        3.4966343224
        2.8942496228        2.4262442153
        3.0972231828        4.4789857709
        3.3001967427        4.2889394993
        3.5031703027        1.5877655075
        3.7061438627        1.4114850858
        3.9091174227        1.5734410888
        4.1120909827        1.7203642956
        4.3150645427        2.1206656611
        4.5180381027        2.0643947388
        4.7210116627        1.4389997542
        4.9239852227        1.9841565927
        5.1269587827        2.2750206896
        5.3299323427        1.8052857747
        5.5329059027        1.4856195354
        5.7358794627        1.8360432316
        5.9388530226        1.5634199105
        6.1418265826        2.1700767462
        6.3448001426        1.3583924439
        6.5477737026        1.8861136440
        6.7507472626        0.6381895901
        6.9537208226        1.9976140295
        7.1566943826        2.2585619991
        7.3596679426        5.4545231825
        7.5626415026        0.7748102091
        7.7656150626        1.4908377530
        7.9685886226        2.8418625213
        8.1715621826        1.9432380997
        8.3745357426        1.6803235324
        8.5775093025        1.6700553691
        8.7804828625        1.4342634657
        8.9834564225        2.7263130199
        9.1864299825        2.0921088774
        9.3894035425        1.8187340688
        9.5923771025        2.0510543508
        9.7953506625        3.2431746381
        9.9983242225        3.0960023027
       10.2012977825        3.0946726819
       10.4042713425        0.5598701969
       10.6072449025        0.1557538235
       10.8102184625        0.0000000000
       11.0131920225        0.0000000000
       11.2161655824        2.3007345833
       11.4191391424        1.2274771779
       11.6221127024        0.7364339124
       11.8250862624        0.4919275385
       12.0280598224        3.9291150529
       12.2310333824        2.2675302422
       12.4340069424        1.8002490572
       12.6369805024        1.3385509095
       12.8399540624        3.6349866601
       13.0429276224        2.3640458486
       13.2459011824        2.3146362034
       13.4488747424        1.2560662231
       13.6518483024        0.0000000000
       13.8548218623        0.0000000000
       14.0577954223        0.0000000000
       14.2607689823        0.0000000000
       14.4637425423        0.0000000000
       14.6667161023        0.0000000000
       14.8696896623        0.0000000000
       15.0726632223        0.0000000000
       15.2756367823        0.0000000000
       15.4786103423        0.0000000000
       15.6815839023        0.0000000000
       15.8845574623        0.0000000000
       16.0875310223        0.0000000000
       16.2905045823        0.0000000000
       16.4934781422        1.5699590375
       16.6964517022        1.8755441937
       16.8994252622        1.0651139279
       17.1023988222        0.7496574316
       17.3053723822        0.1167287418
       17.5083459422        0.0000000000
       17.7113195022        0.0000000000
       17.9142930622        0.0000000000
       18.1172666222        0.0000000000
       18.3202401822        0.0000000000
       18.5232137422        0.0000000000
       18.7261873022        0.0000000000
       18.9291608622        0.0000000000
       19.1321344222        0.0000000000
       19.3351079821        0.0000000000
       19.5380815421        0.0000000000
       19.7410551021        0.0000000000
       19.9440286621        0.0000000000
       20.1470022221        0.0000000000
       20.3499757821        0.0000000000
       20.5529493421        0.0000000000
       20.7559229021        0.0000000000
       20.9588964621        0.0000000000
       21.1618700221        0.0000000000
       21.3648435821        0.0000000000
       21.5678171421        0.0000000000
       21.7707907021        0.0000000000
       21.9737642620        0.0000000000
       22.1767378220        0.0000000000
       22.3797113820        0.0000000000
       22.5826849420        4.0160300438
       22.7856585020        1.3020754643
       22.9886320620        0.1677096319
       23.1916056220        0.0541758192
       23.3945791820        0.4632948108
       23.5975527420        0.9846931683
       23.8005263020        6.0160164413
       24.0034998620        0.2389219390
       24.2064734220        4.6766023050
       24.4094469820        4.6423658064
       24.6124205419        0.0000000000
       24.8153941019        0.0000000000
       25.0183676619        0.0000000000
       25.2213412219        0.0637448653
       25.4243147819        0.1424669367
       25.6272883419        0.2995466377
       25.8302619019        0.4818150217
       26.0332354619        0.6330111860
       26.2362090219        0.9616712451
       26.4391825819        3.2352668922
       26.6421561419        0.0000000000
       26.8451297019        0.0000000000
       27.0481032619        0.0000000000
       27.2510768218        0.0000000000
       27.4540503818        0.0000000000
       27.6570239418        0.0000000000
       27.8599975018        0.0000000000
       28.0629710618        0.0000000000
       28.2659446218        0.0000000000
       28.4689181818        0.0000000000
       28.6718917418        0.0000000000
       28.8748653018        0.0000000000
       29.0778388618        0.0000000000
       29.2808124218        0.0000000000
       29.4837859818        0.0000000000
       29.6867595418        0.0000000000
       29.8897331017        0.0000000000
       30.0927066617        0.0000000000
       30.2956802217        0.0000000000
       30.4986537817        0.0000000000
       30.7016273417        0.0000000000
       30.9046009017        3.0445150722
       31.1075744617        0.0000000000
       31.3105480217        0.0000000000
       31.5135215817        0.0000000000
       31.7164951417        0.0000000000
       31.9194687017        0.0000000000
       32.1224422617        0.0000000000
       32.3254158217        0.0000000000
       32.5283893816        0.0000000000
       32.7313629416        0.0000000000
       32.9343365016        0.0000000000
       33.1373100616        0.0000000000
       33.3402836216        0.0000000000
       33.5432571816        0.0000000000
       33.7462307416        0.0000000000
       33.9492043016        0.0000000000
       34.1521778616        0.0000000000
       34.3551514216        0.0000000000
