1.000000 1.000000 0.577350 90.00 90.00 109.47
1 0 0
0 1 0
0 0 1
0.125000 0.375000 1.000000 Mn=1.000000
0.125000 0.875000 0.500000 Mn=1.000000
0.625000 0.875000 1.000000 Mn=1.000000
0.250000 0.750000 1.000000 Mn=1.000000
0.750000 0.750000 0.500000 Mn=1.000000
0.750000 0.250000 0.000000 Mn=1.000000
0.250000 0.250000 0.500000 Mn=1.000000
0.625000 0.375000 0.500000 Zn=1.000000
0.937500 0.062500 0.750000 Fe=0.875000,La=0.125000
0.437500 0.062500 0.250000 Fe=1.000000
0.437500 0.562500 0.750000 Fe=0.875000,La=0.125000
0.937500 0.562500 0.250000 Fe=1.000000
0.687500 0.062500 0.500000 Fe=1.000000
0.187500 0.062500 0.000000 Fe
0.187500 0.562500 0.500000 Fe=1.000000
0.687500 0.562500 0.000000 Fe
0.437500 0.062500 0.750000 Fe=1.000000
0.937500 0.062500 0.250000 Fe=0.875000,La=0.125000
0.937500 0.562500 0.750000 Fe=1.000000
0.437500 0.562500 0.250000 Fe=0.875000,La=0.125000
0.937500 0.312500 0.500000 Fe=1.000000
0.437500 0.312500 0.000000 Fe
0.437500 0.812500 0.500000 Fe=1.000000
0.937500 0.812500 0.000000 Fe
0.817334 0.452004 0.000000 O
0.317335 0.452004 0.500000 O
0.317334 0.952004 1.000000 O
0.817334 0.952004 0.500000 O
0.547996 0.182665 0.000000 O
0.047996 0.182665 0.500000 O
0.047996 0.682665 1.000000 O
0.547996 0.682666 0.500000 O
0.817335 0.182665 0.730662 O
0.317334 0.182666 0.230662 O
0.317334 0.682666 0.730662 O
0.817334 0.682666 0.230662 O
0.057666 0.442335 0.730662 O
0.557665 0.442335 0.230662 O
0.557665 0.942335 0.730662 O
0.057665 0.942335 0.230662 O
0.057666 0.442335 0.269338 O
0.557665 0.442335 0.769338 O
0.557665 0.942335 0.269338 O
0.057665 0.942335 0.769338 O
0.327003 0.442335 1.000000 O
0.827003 0.442335 0.500000 O
0.827003 0.942335 1.000000 O
0.327003 0.942335 0.500000 O
0.817335 0.182665 0.269338 O
0.317334 0.182666 0.769338 O
0.317334 0.682666 0.269338 O
0.817334 0.682666 0.769338 O
0.057665 0.172997 1.000000 O
0.557665 0.172997 0.500000 O
0.557665 0.672997 1.000000 O
0.057665 0.672997 0.500000 O
