# Tetrahedron method
       -4.5782860349        0.0000000000
       -4.3308272453        0.0000000000
       -4.0833684558        0.0000000000
       -3.8359096662        0.0000000000
       -3.5884508767        0.0000000000
       -3.3409920871        0.0000000000
       -3.0935332976        0.0000000000
       -2.8460745080        0.0000000000
       -2.5986157185        0.0000000000
       -2.3511569289        0.0000000000
       -2.1036981394        0.0000000000
       -1.8562393498        0.0000000000
       -1.6087805603        0.0000000000
       -1.3613217707        0.0000000000
       -1.1138629812        0.0000000000
       -0.8664041916        0.0000000000
       -0.6189454021        0.0000000000
       -0.3714866125        0.4908668846
       -0.1240278230        0.8543944269
        0.1234309666        1.0935342491
        0.3708897561        3.0833854677
        0.6183485457        4.3924141320
        0.8658073352        6.9332488734
        1.1132661248        9.3582436704
        1.3607249143        6.5745437614
        1.6081837039        8.4666179368
        1.8556424934        1.0830548278
        2.1031012830        5.5137233045
        2.3505600725       10.0596972440
        2.5980188621       10.0979104629
        2.8454776516       15.0512161826
        3.0929364412        3.6644345114
        3.3403952307        7.1303162959
        3.5878540203        5.5520850386
        3.8353128098        6.9547089679
        4.0827715994        7.3211313549
        4.3302303889        9.7189748863
        4.5776891785        0.0000000000
        4.8251479680        0.0000000000
        5.0726067576        0.0000000000
        5.3200655471        0.0000000000
        5.5675243367        0.0000000000
        5.8149831262        0.0000000000
        6.0624419158        0.0000000000
        6.3099007053        0.0000000000
        6.5573594949        0.0000000000
        6.8048182844        0.0000000000
        7.0522770740        0.0000000000
        7.2997358635        0.0000000000
        7.5471946531        0.0000000000
        7.7946534426        0.0000000000
        8.0421122322        0.0000000000
        8.2895710218        0.0000000000
        8.5370298113        0.0000000000
        8.7844886009        0.0000000000
        9.0319473904        0.0000000000
        9.2794061800        0.0000000000
        9.5268649695        0.0000000000
        9.7743237591        0.0000000000
       10.0217825486        0.0000000000
       10.2692413382        0.0000000000
       10.5167001277        0.0000000000
       10.7641589173        0.0000000000
       11.0116177068        0.0000000000
       11.2590764964        0.0000000000
       11.5065352859        0.0000000000
       11.7539940755        0.0000000000
       12.0014528650        0.0000000000
       12.2489116546        0.0000000000
       12.4963704441        0.0000000000
       12.7438292337        0.0000000000
       12.9912880232        0.0000000000
       13.2387468128        0.0000000000
       13.4862056023        0.0000000000
       13.7336643919        0.0000000000
       13.9811231814        0.0000000000
       14.2285819710        0.0000000000
       14.4760407605        0.0000000000
       14.7234995501        0.0000000000
       14.9709583396        0.0000000000
       15.2184171292        0.0000000000
       15.4658759187        0.0000000000
       15.7133347083        0.0000000000
       15.9607934978        0.0000000000
       16.2082522874        0.0000000000
       16.4557110769        0.0000000000
       16.7031698665       27.2455926963
       16.9506286560        0.0000000000
       17.1980874456        3.9085443903
       17.4455462351        0.0000000000
       17.6930050247        0.0000000000
       17.9404638142        0.0000000000
       18.1879226038        0.0000000000
       18.4353813933        0.0000000000
       18.6828401829        0.0000000000
       18.9302989724        0.0000000000
       19.1777577620        0.0000000000
       19.4252165515        0.0000000000
       19.6726753411        0.0000000000
       19.9201341306        0.0000000000
       20.1675929202        0.0000000000
       20.4150517097        0.0000000000
       20.6625104993        0.0000000000
       20.9099692888        0.0000000000
       21.1574280784        0.0000000000
       21.4048868680        0.0000000000
       21.6523456575        0.0000000000
       21.8998044471        0.0000000000
       22.1472632366        0.0000000000
       22.3947220262        0.0000000000
       22.6421808157        0.0000000000
       22.8896396053        0.0000000000
       23.1370983948        0.0000000000
       23.3845571844        0.0000000000
       23.6320159739        0.0000000000
       23.8794747635        0.0000000000
       24.1269335530        0.0000000000
       24.3743923426        0.0000000000
       24.6218511321        0.0000000000
       24.8693099217        0.0000000000
       25.1167687112        0.0000000000
       25.3642275008        0.0000000000
       25.6116862903        0.0000000000
       25.8591450799        0.0000000000
       26.1066038694        0.0000000000
       26.3540626590        0.0000000000
       26.6015214485        0.0000000000
       26.8489802381        0.0000000000
       27.0964390276        0.0000000000
       27.3438978172        0.0000000000
       27.5913566067        0.0000000000
       27.8388153963        0.0000000000
       28.0862741858        0.0000000000
       28.3337329754        0.0000000000
       28.5811917649        0.0000000000
       28.8286505545        0.0000000000
       29.0761093440        0.0000000000
       29.3235681336        0.0000000000
       29.5710269231        0.0000000000
       29.8184857127        0.0000000000
       30.0659445022        0.0000000000
       30.3134032918        0.0000000000
       30.5608620813        0.0000000000
       30.8083208709        0.0000000000
       31.0557796604        0.0000000000
       31.3032384500        0.0000000000
       31.5506972395        0.0000000000
       31.7981560291        0.0000000000
       32.0456148186        0.0000000000
       32.2930736082        0.0000000000
       32.5405323977        0.0000000000
       32.7879911873        0.0000000000
       33.0354499768        0.0000000000
       33.2829087664        0.0000000000
       33.5303675559        0.0000000000
       33.7778263455        0.0000000000
       34.0252851350        0.0000000000
       34.2727439246        0.0000000000
       34.5202027142        0.0000000000
       34.7676615037        0.0000000000
       35.0151202933        0.0000000000
       35.2625790828        0.0000000000
       35.5100378724        0.0000000000
       35.7574966619        0.0000000000
       36.0049554515        0.0000000000
       36.2524142410        0.0000000000
       36.4998730306        0.0000000000
       36.7473318201        0.0000000000
       36.9947906097        0.0000000000
       37.2422493992        0.0000000000
       37.4897081888        0.0000000000
       37.7371669783        0.0000000000
       37.9846257679        0.0000000000
       38.2320845574        0.0000000000
       38.4795433470        0.0000000000
       38.7270021365        0.0000000000
       38.9744609261        0.0000000000
       39.2219197156        0.0000000000
       39.4693785052       47.1719571708
       39.7168372947        0.0000000000
       39.9642960843        0.0000000000
       40.2117548738        0.0000000000
       40.4592136634        0.0000000000
       40.7066724529        0.0000000000
       40.9541312425        0.0000000000
       41.2015900320        0.0000000000
       41.4490488216        0.0000000000
       41.6965076111        0.0000000000
       41.9439664007        0.0000000000
       42.1914251902        0.0000000000
       42.4388839798        0.0000000000
       42.6863427693        0.0000000000
       42.9338015589        0.0000000000
       43.1812603484        0.0000000000
       43.4287191380        0.0000000000
       43.6761779275        0.0000000000
       43.9236367171        0.0000000000
       44.1710955066        0.0000000000
       44.4185542962        0.0000000000
       44.6660130857        0.0000000000
       44.9134718753        0.0000000000
