# Tetrahedron method
      -12.4215027573        0.0000000000
      -11.8011240000        0.0000000000
      -11.1807452427        0.0000000000
      -10.5603664854        0.0000000000
       -9.9399877280        0.0000000000
       -9.3196089707        0.0000000000
       -8.6992302134        0.0000000000
       -8.0788514561        0.0000000000
       -7.4584726987        0.0000000000
       -6.8380939414        0.0000000000
       -6.2177151841        0.0000000000
       -5.5973364268        0.0000000000
       -4.9769576694        0.0000000000
       -4.3565789121        0.0000000000
       -3.7362001548        0.0000000000
       -3.1158213975        0.0000000000
       -2.4954426401        0.0000000000
       -1.8750638828        0.0515658854
       -1.2546851255        0.1428567344
       -0.6343063682        0.1012291858
       -0.0139276109        0.0803015002
        0.6064511465        0.1534361081
        1.2268299038        0.3460687969
        1.8472086611        0.5489407189
        2.4675874184        0.8690824678
        3.0879661758        1.0320420118
        3.7083449331        1.2102283228
        4.3287236904        1.6519913319
        4.9491024477        1.0671233430
        5.5694812051        1.9148843359
        6.1898599624        1.4771988916
        6.8102387197        2.3370957059
        7.4306174770        2.6929193668
        8.0509962344        2.2862422275
        8.6713749917        3.0631669458
        9.2917537490        1.8492485775
        9.9121325063        2.5528359252
       10.5325112637        3.0511120147
       11.1528900210        3.4425784265
       11.7732687783        2.8746851699
       12.3936475356        1.1856713500
       13.0140262930        1.2803084958
       13.6344050503        1.2296566812
       14.2547838076        0.6400550223
       14.8751625649        1.6716231631
       15.4955413223        0.3614700767
       16.1159200796        0.6222102795
       16.7362988369        0.4685771977
       17.3566775942        0.0846965003
       17.9770563516        0.7128572499
       18.5974351089        0.4347365938
       19.2178138662        0.9083330183
       19.8381926235        0.5478653093
       20.4585713809        0.2308567764
       21.0789501382        0.0873224120
       21.6993288955        0.0000000000
       22.3197076528        0.0000000000
       22.9400864101        0.0000000000
       23.5604651675        0.0000000000
       24.1808439248        0.0000000000
       24.8012226821        0.0000000000
       25.4216014394        0.0000000000
       26.0419801968        0.0000000000
       26.6623589541        1.8821242841
       27.2827377114        1.2492266631
       27.9031164687        0.0000000000
       28.5234952261        0.1804904347
       29.1438739834        0.9989777505
       29.7642527407        1.0629375874
       30.3846314980        0.8075896457
       31.0050102554        0.0927242929
       31.6253890127        0.0000000000
       32.2457677700        0.0000000000
       32.8661465273        0.0000000000
       33.4865252847        0.0000000000
       34.1069040420        0.0000000000
       34.7272827993        0.0000000000
       35.3476615566        0.0000000000
       35.9680403140        0.0000000000
       36.5884190713        0.0000000000
       37.2087978286        0.0000000000
       37.8291765859        0.0000000000
       38.4495553433        0.0000000000
       39.0699341006        0.0000000000
       39.6903128579        0.0000000000
       40.3106916152        0.0000000000
       40.9310703726        0.0000000000
       41.5514491299        0.0000000000
       42.1718278872        0.0000000000
       42.7922066445        0.0000000000
       43.4125854019        0.0000000000
       44.0329641592        0.0000000000
       44.6533429165        0.0000000000
       45.2737216738        0.0000000000
       45.8941004311        0.0000000000
       46.5144791885        0.0000000000
       47.1348579458        0.0000000000
       47.7552367031        0.0000000000
       48.3756154604        0.0000000000
       48.9959942178        0.0000000000
       49.6163729751        0.0000000000
       50.2367517324        0.0000000000
       50.8571304897        0.0000000000
       51.4775092471        0.0000000000
       52.0978880044        0.0000000000
       52.7182667617        0.0000000000
       53.3386455190        0.0000000000
       53.9590242764        0.0000000000
       54.5794030337        0.0000000000
       55.1997817910        0.0000000000
       55.8201605483        0.0000000000
       56.4405393057        0.0000000000
       57.0609180630        0.0000000000
       57.6812968203        0.0000000000
       58.3016755776        0.0000000000
       58.9220543350        0.0000000000
       59.5424330923        0.0000000000
       60.1628118496        0.0000000000
       60.7831906069        0.0000000000
       61.4035693643        0.0000000000
       62.0239481216        0.0000000000
       62.6443268789        0.0000000000
       63.2647056362        0.0000000000
       63.8850843936        0.0000000000
       64.5054631509        0.0000000000
       65.1258419082        0.0000000000
       65.7462206655        0.0000000000
       66.3665994229        0.0000000000
       66.9869781802        0.0000000000
       67.6073569375        0.0000000000
       68.2277356948        0.0000000000
       68.8481144522        0.0000000000
       69.4684932095        0.0000000000
       70.0888719668        0.0000000000
       70.7092507241        0.0000000000
       71.3296294814        0.0000000000
       71.9500082388        0.0000000000
       72.5703869961        0.0000000000
       73.1907657534        0.0000000000
       73.8111445107        0.0000000000
       74.4315232681        0.0000000000
       75.0519020254        0.0000000000
       75.6722807827        0.0000000000
       76.2926595400        0.0000000000
       76.9130382974        0.0000000000
       77.5334170547        0.0000000000
       78.1537958120        0.0000000000
       78.7741745693        0.0000000000
       79.3945533267        0.0000000000
       80.0149320840        0.0000000000
       80.6353108413        0.0000000000
       81.2556895986        0.0000000000
       81.8760683560        0.0000000000
       82.4964471133        0.0000000000
       83.1168258706        0.0000000000
       83.7372046279        0.0000000000
       84.3575833853        0.0000000000
       84.9779621426        0.0000000000
       85.5983408999        0.0000000000
       86.2187196572        0.0000000000
       86.8390984146        0.0000000000
       87.4594771719        0.0000000000
       88.0798559292        0.0000000000
       88.7002346865        0.0000000000
       89.3206134439        0.0000000000
       89.9409922012        0.0000000000
       90.5613709585        0.0000000000
       91.1817497158        0.0000000000
       91.8021284732        0.0000000000
       92.4225072305        0.0000000000
       93.0428859878        0.0000000000
       93.6632647451        0.0000000000
       94.2836435024        0.0000000000
       94.9040222598        0.0000000000
       95.5244010171        0.0000000000
       96.1447797744        0.0000000000
       96.7651585317        0.0000000000
       97.3855372891        0.0000000000
       98.0059160464        0.0000000000
       98.6262948037        0.0000000000
       99.2466735610        4.8421851716
       99.8670523184        0.0000000000
      100.4874310757        2.2112754982
      101.1078098330        2.5446771309
      101.7281885903        0.0000000000
      102.3485673477        0.0000000000
      102.9689461050        0.0000000000
      103.5893248623        0.0000000000
      104.2097036196        0.0000000000
      104.8300823770        0.0000000000
      105.4504611343        0.0000000000
      106.0708398916        0.0000000000
      106.6912186489        0.0000000000
      107.3115974063        0.0000000000
      107.9319761636        0.0000000000
      108.5523549209        0.0000000000
      109.1727336782        0.0000000000
      109.7931124356        0.0000000000
      110.4134911929        0.0000000000
      111.0338699502        0.0000000000
      111.6542487075        0.0000000000
