# Tetrahedron method
      -15.6265881480        0.0000000000
      -15.0146926732        0.0000000000
      -14.4027971984        0.0000000000
      -13.7909017236        0.0000000000
      -13.1790062489        0.0000000000
      -12.5671107741        0.0000000000
      -11.9552152993        0.0000000000
      -11.3433198245        0.0000000000
      -10.7314243497        0.0000000000
      -10.1195288749        0.0000000000
       -9.5076334001        0.0000000000
       -8.8957379253        0.0000000000
       -8.2838424505        0.0000000000
       -7.6719469757        0.0000000000
       -7.0600515010        0.0000000000
       -6.4481560262        0.0000000000
       -5.8362605514        0.0000000000
       -5.2243650766        0.0575034621
       -4.6124696018        0.0940871160
       -4.0005741270        0.1386421334
       -3.3886786522        0.1933155272
       -2.7767831774        0.2006944853
       -2.1648877026        0.2009966759
       -1.5529922278        0.2086538614
       -0.9410967530        0.1554230739
       -0.3292012783        0.1116399411
        0.2826941965        0.1208882977
        0.8945896713        0.2660073395
        1.5064851461        0.3788637747
        2.1183806209        0.4867959142
        2.7302760957        0.7066728811
        3.3421715705        0.9160206946
        3.9540670453        1.0783462103
        4.5659625201        1.7197200577
        5.1778579949        1.6692472781
        5.7897534696        2.2215357918
        6.4016489444        1.8297193605
        7.0135444192        2.1409111257
        7.6254398940        1.8290667508
        8.2373353688        1.6704640135
        8.8492308436        2.3442105799
        9.4611263184        2.6186893638
       10.0730217932        1.2585213237
       10.6849172680        1.8747976245
       11.2968127428        1.7200493567
       11.9087082175        2.0229260398
       12.5206036923        1.8867319995
       13.1324991671        2.5443943098
       13.7443946419        1.8965836004
       14.3562901167        1.4542370774
       14.9681855915        0.7381365448
       15.5800810663        0.4442908494
       16.1919765411        0.7444159144
       16.8038720159        1.0945592738
       17.4157674907        1.0224528050
       18.0276629655        0.5229359385
       18.6395584402        0.4577810237
       19.2514539150        0.5462429390
       19.8633493898        0.3653678929
       20.4752448646        0.1373388963
       21.0871403394        0.0000000000
       21.6990358142        0.0000000000
       22.3109312890        0.0000000000
       22.9228267638        0.0000000000
       23.5347222386        0.0000000000
       24.1466177134        0.0000000000
       24.7585131881        0.0000000000
       25.3704086629        0.0000000000
       25.9823041377        0.0000000000
       26.5941996125        0.2639057727
       27.2060950873        1.1559693680
       27.8179905621        1.8316047692
       28.4298860369        0.0000000000
       29.0417815117        0.0000000000
       29.6536769865        0.0000000000
       30.2655724613        1.4916252606
       30.8774679360        2.0891692113
       31.4893634108        0.1092961805
       32.1012588856        0.0000000000
       32.7131543604        0.0000000000
       33.3250498352        0.0000000000
       33.9369453100        0.0000000000
       34.5488407848        0.0000000000
       35.1607362596        0.0000000000
       35.7726317344        0.0000000000
       36.3845272092        0.0000000000
       36.9964226840        0.0000000000
       37.6083181587        0.0000000000
       38.2202136335        0.0000000000
       38.8321091083        0.0000000000
       39.4440045831        0.0000000000
       40.0559000579        0.0000000000
       40.6677955327        0.0000000000
       41.2796910075        0.0000000000
       41.8915864823        0.0000000000
       42.5034819571        0.0000000000
       43.1153774319        0.0000000000
       43.7272729066        0.0000000000
       44.3391683814        0.0000000000
       44.9510638562        0.0000000000
       45.5629593310        0.0000000000
       46.1748548058        0.0000000000
       46.7867502806        0.0000000000
       47.3986457554        0.0000000000
       48.0105412302        0.0000000000
       48.6224367050        0.0000000000
       49.2343321798        0.0000000000
       49.8462276545        0.0000000000
       50.4581231293        0.0000000000
       51.0700186041        0.0000000000
       51.6819140789        0.0000000000
       52.2938095537        0.0000000000
       52.9057050285        0.0000000000
       53.5176005033        0.0000000000
       54.1294959781        0.0000000000
       54.7413914529        0.0000000000
       55.3532869277        0.0000000000
       55.9651824024        0.0000000000
       56.5770778772        0.0000000000
       57.1889733520        0.0000000000
       57.8008688268        0.0000000000
       58.4127643016        0.0000000000
       59.0246597764        0.0000000000
       59.6365552512        0.0000000000
       60.2484507260        0.0000000000
       60.8603462008        0.0000000000
       61.4722416756        0.0000000000
       62.0841371504        0.0000000000
       62.6960326251        0.0000000000
       63.3079280999        0.0000000000
       63.9198235747        0.0000000000
       64.5317190495        0.0000000000
       65.1436145243        0.0000000000
       65.7555099991        0.0000000000
       66.3674054739        0.0000000000
       66.9793009487        0.0000000000
       67.5911964235        0.0000000000
       68.2030918983        0.0000000000
       68.8149873730        0.0000000000
       69.4268828478        0.0000000000
       70.0387783226        0.0000000000
       70.6506737974        0.0000000000
       71.2625692722        0.0000000000
       71.8744647470        0.0000000000
       72.4863602218        0.0000000000
       73.0982556966        0.0000000000
       73.7101511714        0.0000000000
       74.3220466462        0.0000000000
       74.9339421209        0.0000000000
       75.5458375957        0.0000000000
       76.1577330705        0.0000000000
       76.7696285453        0.0000000000
       77.3815240201        0.0000000000
       77.9934194949        0.0000000000
       78.6053149697        0.0000000000
       79.2172104445        0.0000000000
       79.8291059193        0.0000000000
       80.4410013941        0.0000000000
       81.0528968689        0.0000000000
       81.6647923436        0.0000000000
       82.2766878184        0.0000000000
       82.8885832932        0.0000000000
       83.5004787680        0.0000000000
       84.1123742428        0.0000000000
       84.7242697176        0.0000000000
       85.3361651924        0.0000000000
       85.9480606672        0.0000000000
       86.5599561420        0.0000000000
       87.1718516168        0.0000000000
       87.7837470915        0.0000000000
       88.3956425663        0.0000000000
       89.0075380411        0.0000000000
       89.6194335159        0.0000000000
       90.2313289907        0.0000000000
       90.8432244655        0.0000000000
       91.4551199403        0.0000000000
       92.0670154151        0.0000000000
       92.6789108899        0.0000000000
       93.2908063647        0.0000000000
       93.9027018394        0.0000000000
       94.5145973142        0.0000000000
       95.1264927890        3.5693773628
       95.7383882638        2.5061854514
       96.3502837386        1.3369636352
       96.9621792134        0.0000000000
       97.5740746882        0.0000000000
       98.1859701630        0.0000000000
       98.7978656378        0.0000000000
       99.4097611126        0.0000000000
      100.0216565874        0.0000000000
      100.6335520621        0.0000000000
      101.2454475369        0.0000000000
      101.8573430117        0.0000000000
      102.4692384865        0.0000000000
      103.0811339613        0.0000000000
      103.6930294361        0.0000000000
      104.3049249109        0.0000000000
      104.9168203857        0.0000000000
      105.5287158605        0.0000000000
      106.1406113353        0.0000000000
      106.7525068100        0.0000000000
