# Tetrahedron method
       -3.6468813372        0.0000000000
       -3.4508840664        0.0000000000
       -3.2548867955        0.0000000000
       -3.0588895247        0.0000000000
       -2.8628922538        0.0000000000
       -2.6668949830        0.0000000000
       -2.4708977121        0.0000000000
       -2.2749004413        0.0000000000
       -2.0789031704        0.0000000000
       -1.8829058996        0.0000000000
       -1.6869086288        0.0000000000
       -1.4909113579        0.0000000000
       -1.2949140871        0.0000000000
       -1.0989168162        0.0000000000
       -0.9029195454        0.0000000000
       -0.7069222745        0.0000000000
       -0.5109250037        0.0000000000
       -0.3149277328        0.0553917048
       -0.1189304620        0.0439765944
        0.0770668089        0.0835551083
        0.2730640797        0.1978431100
        0.4690613506        0.3404971339
        0.6650586214        0.5007358138
        0.8610558923        0.7640535972
        1.0570531631        1.1736581160
        1.2530504339        1.5140740546
        1.4490477048        1.6507284155
        1.6450449756        2.8140602457
        1.8410422465        3.7979718720
        2.0370395173        5.9635799082
        2.2330367882        3.4983681924
        2.4290340590        2.8096318545
        2.6250313299        6.1007873337
        2.8210286007        3.4816455248
        3.0170258716        3.7554402365
        3.2130231424        2.4433749017
        3.4090204133        3.8181899919
        3.6050176841        5.3000241505
        3.8010149550        3.9039990948
        3.9970122258        4.1451094838
        4.1930094967        0.5664976568
        4.3890067675        0.0000000000
        4.5850040383        0.0000000000
        4.7810013092        0.0000000000
        4.9769985800        0.0000000000
        5.1729958509        0.0000000000
        5.3689931217        0.0000000000
        5.5649903926        0.0000000000
        5.7609876634        0.0000000000
        5.9569849343        0.0000000000
        6.1529822051        0.0000000000
        6.3489794760        0.0000000000
        6.5449767468        0.0000000000
        6.7409740177        0.0000000000
        6.9369712885        0.0000000000
        7.1329685594        0.0000000000
        7.3289658302        0.0000000000
        7.5249631010        0.0000000000
        7.7209603719        0.0000000000
        7.9169576427        0.0000000000
        8.1129549136        0.0000000000
        8.3089521844        0.0000000000
        8.5049494553        0.0000000000
        8.7009467261        0.0000000000
        8.8969439970        0.0000000000
        9.0929412678        0.0000000000
        9.2889385387        0.0000000000
        9.4849358095        0.0000000000
        9.6809330804        0.0000000000
        9.8769303512        0.0000000000
       10.0729276221        0.0000000000
       10.2689248929        0.0000000000
       10.4649221638        0.0000000000
       10.6609194346        0.0000000000
       10.8569167054        0.0000000000
       11.0529139763        0.0000000000
       11.2489112471        0.0000000000
       11.4449085180        0.0000000000
       11.6409057888        0.0000000000
       11.8369030597        0.0000000000
       12.0329003305        0.0000000000
       12.2288976014        0.0000000000
       12.4248948722        0.0000000000
       12.6208921431        0.0000000000
       12.8168894139        0.0000000000
       13.0128866848        0.0000000000
       13.2088839556        0.0000000000
       13.4048812265        0.0000000000
       13.6008784973        0.0000000000
       13.7968757681        0.0000000000
       13.9928730390        0.0000000000
       14.1888703098        0.0000000000
       14.3848675807        0.0000000000
       14.5808648515        0.0000000000
       14.7768621224        0.0000000000
       14.9728593932        0.0000000000
       15.1688566641        0.0000000000
       15.3648539349        0.0000000000
       15.5608512058        0.0000000000
       15.7568484766        0.0000000000
       15.9528457475        0.0000000000
       16.1488430183        0.0000000000
       16.3448402892        0.0000000000
       16.5408375600        0.0000000000
       16.7368348309        0.0000000000
       16.9328321017        0.0000000000
       17.1288293725        0.0000000000
       17.3248266434        0.0000000000
       17.5208239142        0.0000000000
       17.7168211851        0.0000000000
       17.9128184559        0.0000000000
       18.1088157268        0.0000000000
       18.3048129976        0.0000000000
       18.5008102685        0.0000000000
       18.6968075393        0.0000000000
       18.8928048102        0.0000000000
       19.0888020810        0.0000000000
       19.2847993519        0.0000000000
       19.4807966227        0.0000000000
       19.6767938936        0.0000000000
       19.8727911644        0.0000000000
       20.0687884352        0.0000000000
       20.2647857061        0.0000000000
       20.4607829769        0.0000000000
       20.6567802478        0.0000000000
       20.8527775186        0.0000000000
       21.0487747895        0.0000000000
       21.2447720603        0.0000000000
       21.4407693312        0.0000000000
       21.6367666020        0.0000000000
       21.8327638729        0.0000000000
       22.0287611437        0.0000000000
       22.2247584146        0.0000000000
       22.4207556854        0.0000000000
       22.6167529563        0.0000000000
       22.8127502271        0.0000000000
       23.0087474980        0.0000000000
       23.2047447688        0.0000000000
       23.4007420396        0.0000000000
       23.5967393105        0.0000000000
       23.7927365813        0.0000000000
       23.9887338522        0.0000000000
       24.1847311230        0.0000000000
       24.3807283939        0.0000000000
       24.5767256647        0.0000000000
       24.7727229356        0.0000000000
       24.9687202064        0.0000000000
       25.1647174773        0.0000000000
       25.3607147481        0.0000000000
       25.5567120190        0.0000000000
       25.7527092898        0.0000000000
       25.9487065607        0.0000000000
       26.1447038315        0.0000000000
       26.3407011023        0.0000000000
       26.5366983732        0.0000000000
       26.7326956440        0.6632518980
       26.9286929149        1.1716497564
       27.1246901857        1.1626968575
       27.3206874566        1.7859214988
       27.5166847274        0.8847542455
       27.7126819983        0.9516314414
       27.9086792691        0.8934119332
       28.1046765400        0.8185617447
       28.3006738108        1.1999609934
       28.4966710817        2.8655767360
       28.6926683525        2.8576192097
       28.8886656234        1.1691597083
       29.0846628942        1.1782732636
       29.2806601651        0.9351351875
       29.4766574359        0.6689231743
       29.6726547067        0.7703285453
       29.8686519776        1.2268262988
       30.0646492484        0.9764050008
       30.2606465193        1.0246173961
       30.4566437901        1.2862935856
       30.6526410610        1.1020165447
       30.8486383318        1.7286764437
       31.0446356027        1.1767332159
       31.2406328735        1.0705359700
       31.4366301444        0.6109892096
       31.6326274152        0.5607055394
       31.8286246861        0.4918006215
       32.0246219569        0.4065297455
       32.2206192278        0.3283079010
       32.4166164986        0.0000000000
       32.6126137694        0.0000000000
       32.8086110403        0.0000000000
       33.0046083111        0.0000000000
       33.2006055820        0.0000000000
       33.3966028528        0.0000000000
       33.5926001237        0.0000000000
       33.7885973945        0.0000000000
       33.9845946654        0.0000000000
       34.1805919362        0.0000000000
       34.3765892071        0.0000000000
       34.5725864779        0.0000000000
       34.7685837488        0.0000000000
       34.9645810196        0.0000000000
       35.1605782905        0.0000000000
       35.3565755613        0.0000000000
       35.5525728322        0.0000000000
