# Tetrahedron method
       -5.8822905011        0.0000000000
       -5.5407902115        0.0000000000
       -5.1992899219        0.0000000000
       -4.8577896323        0.0000000000
       -4.5162893427        0.0000000000
       -4.1747890530        0.0000000000
       -3.8332887634        0.0000000000
       -3.4917884738        0.0000000000
       -3.1502881842        0.0000000000
       -2.8087878946        0.0000000000
       -2.4672876050        0.0000000000
       -2.1257873154        0.0000000000
       -1.7842870258        0.0000000000
       -1.4427867362        0.0000000000
       -1.1012864466        0.0000000000
       -0.7597861570        0.0000000000
       -0.4182858674        0.0000000000
       -0.0767855778        0.0095856351
        0.2647147118        0.1077243866
        0.6062150014        0.4632024630
        0.9477152910        1.0079831556
        1.2892155806        2.3382448706
        1.6307158702        1.5920880753
        1.9722161598        2.0818892762
        2.3137164494        0.8400628510
        2.6552167391        0.0963648665
        2.9967170287        1.6680055486
        3.3382173183        4.2321318161
        3.6797176079        2.5822925752
        4.0212178975        1.3351357163
        4.3627181871        2.5921282479
        4.7042184767        2.4099641644
        5.0457187663        0.0000000000
        5.3872190559        0.0000000000
        5.7287193455        0.0000000000
        6.0702196351        0.0000000000
        6.4117199247        0.0000000000
        6.7532202143        0.0000000000
        7.0947205039        0.0000000000
        7.4362207935        0.0000000000
        7.7777210831        0.0000000000
        8.1192213727        0.0000000000
        8.4607216623        0.0000000000
        8.8022219519        0.0000000000
        9.1437222415        0.0000000000
        9.4852225311        0.0000000000
        9.8267228208        0.0000000000
       10.1682231104        0.0000000000
       10.5097234000        0.0000000000
       10.8512236896        0.0000000000
       11.1927239792        0.0000000000
       11.5342242688        0.0000000000
       11.8757245584        0.0000000000
       12.2172248480        0.0000000000
       12.5587251376        0.0000000000
       12.9002254272        0.0000000000
       13.2417257168        0.0000000000
       13.5832260064        0.0000000000
       13.9247262960        0.0000000000
       14.2662265856        0.0000000000
       14.6077268752        0.0000000000
       14.9492271648        0.0000000000
       15.2907274544        0.0000000000
       15.6322277440        0.0000000000
       15.9737280336        0.0000000000
       16.3152283232        0.0000000000
       16.6567286129        0.0000000000
       16.9982289025        3.3525351865
       17.3397291921        0.0000000000
       17.6812294817        0.0000000000
       18.0227297713        0.0000000000
       18.3642300609        0.0000000000
       18.7057303505        0.0000000000
       19.0472306401        0.0000000000
       19.3887309297        0.0000000000
       19.7302312193        0.0000000000
       20.0717315089        0.0000000000
       20.4132317985        0.0000000000
       20.7547320881        0.0000000000
       21.0962323777        0.0000000000
       21.4377326673        0.0000000000
       21.7792329569        0.0000000000
       22.1207332465        0.0000000000
       22.4622335361        0.0000000000
       22.8037338257        0.0000000000
       23.1452341153        0.0000000000
       23.4867344049        0.0000000000
       23.8282346946        0.0000000000
       24.1697349842        0.0000000000
       24.5112352738        0.0000000000
       24.8527355634        0.0000000000
       25.1942358530        0.0000000000
       25.5357361426        0.0000000000
       25.8772364322        0.0000000000
       26.2187367218        0.0000000000
       26.5602370114        0.0000000000
       26.9017373010        0.0000000000
       27.2432375906        0.0000000000
       27.5847378802        0.0000000000
       27.9262381698        0.0000000000
       28.2677384594        0.0000000000
       28.6092387490        0.0000000000
       28.9507390386        0.0000000000
       29.2922393282        0.0000000000
       29.6337396178        0.0000000000
       29.9752399074        0.0000000000
       30.3167401970        0.0000000000
       30.6582404866        0.0000000000
       30.9997407763        1.2382978714
       31.3412410659        0.0000000000
       31.6827413555        0.0000000000
       32.0242416451        0.0000000000
       32.3657419347        0.0000000000
       32.7072422243        0.0000000000
       33.0487425139        0.0000000000
       33.3902428035        0.0000000000
       33.7317430931        0.0000000000
       34.0732433827        0.0000000000
       34.4147436723        0.0000000000
       34.7562439619        0.0000000000
       35.0977442515        0.0000000000
       35.4392445411        0.0000000000
       35.7807448307        0.0000000000
       36.1222451203        0.0000000000
       36.4637454099        0.0000000000
       36.8052456995        0.0000000000
       37.1467459891        0.0000000000
       37.4882462787        0.0000000000
       37.8297465684        0.0000000000
       38.1712468580        0.0000000000
       38.5127471476        0.0000000000
       38.8542474372        0.0000000000
       39.1957477268        0.0000000000
       39.5372480164        0.0000000000
       39.8787483060        0.0000000000
       40.2202485956        0.0000000000
       40.5617488852        0.0000000000
       40.9032491748        0.0000000000
       41.2447494644        0.0000000000
       41.5862497540        0.0000000000
       41.9277500436        0.0000000000
       42.2692503332        0.0000000000
       42.6107506228        0.0000000000
       42.9522509124        0.0000000000
       43.2937512020        0.0000000000
       43.6352514916        0.0000000000
       43.9767517812        0.0000000000
       44.3182520708        0.0000000000
       44.6597523604        0.0000000000
       45.0012526501        0.0000000000
       45.3427529397        0.0000000000
       45.6842532293        0.0000000000
       46.0257535189        0.0000000000
       46.3672538085        0.0000000000
       46.7087540981        0.0000000000
       47.0502543877        0.0000000000
       47.3917546773        0.0000000000
       47.7332549669        0.0000000000
       48.0747552565        0.0000000000
       48.4162555461        0.0000000000
       48.7577558357        0.0000000000
       49.0992561253        0.0000000000
       49.4407564149        0.0000000000
       49.7822567045        0.0000000000
       50.1237569941        0.0000000000
       50.4652572837        0.0000000000
       50.8067575733        0.0000000000
       51.1482578629        0.0000000000
       51.4897581525        0.0000000000
       51.8312584422        0.0000000000
       52.1727587318        0.0000000000
       52.5142590214        0.0000000000
       52.8557593110        0.0000000000
       53.1972596006        0.0000000000
       53.5387598902        0.0000000000
       53.8802601798        0.0000000000
       54.2217604694        0.0000000000
       54.5632607590        0.0000000000
       54.9047610486        0.0000000000
       55.2462613382        0.0000000000
       55.5877616278        0.0000000000
       55.9292619174        0.0000000000
       56.2707622070        0.0000000000
       56.6122624966        6.2855210777
       56.9537627862        0.0000000000
       57.2952630758        0.0000000000
       57.6367633654        0.0000000000
       57.9782636550        0.0000000000
       58.3197639446        0.0000000000
       58.6612642342        0.0000000000
       59.0027645239        0.0000000000
       59.3442648135        0.0000000000
       59.6857651031        0.0000000000
       60.0272653927        0.0000000000
       60.3687656823        0.0000000000
       60.7102659719        0.0000000000
       61.0517662615        0.0000000000
       61.3932665511        0.0000000000
       61.7347668407        0.0000000000
       62.0762671303        0.0000000000
       62.4177674199        0.0000000000
