# Tetrahedron method
       -2.5669323533        0.0000000000
       -2.4523023430        0.0000000000
       -2.3376723328        0.0000000000
       -2.2230423226        0.0000000000
       -2.1084123124        0.0000000000
       -1.9937823021        0.0000000000
       -1.8791522919        0.0000000000
       -1.7645222817        0.0000000000
       -1.6498922714        0.0000000000
       -1.5352622612        0.0000000000
       -1.4206322510        0.0000000000
       -1.3060022407        0.0000000000
       -1.1913722305        0.0000000000
       -1.0767422203        0.0000000000
       -0.9621122100        0.0000000000
       -0.8474821998        0.0000000000
       -0.7328521896        0.0000000000
       -0.6182221794        0.0429865815
       -0.5035921691        0.0884125258
       -0.3889621589        0.1071901643
       -0.2743321487        0.0904933496
       -0.1597021384        0.0772972808
       -0.0450721282        0.0762228805
        0.0695578820        0.0854279369
        0.1841878923        0.1410187122
        0.2988179025        0.2397773348
        0.4134479127        0.3914440191
        0.5280779229        0.5810254051
        0.6427079332        0.8360005936
        0.7573379434        1.2240019588
        0.8719679536        1.9253996718
        0.9865979639        3.9889305434
        1.1012279741        4.1981952008
        1.2158579843        4.4694584198
        1.3304879946        2.1735848140
        1.4451180048        2.5798181589
        1.5597480150        2.8458719166
        1.6743780253        1.0112488246
        1.7890080355        0.8514104272
        1.9036380457        1.8005212422
        2.0182680559        5.2980363632
        2.1328980662        3.2591010508
        2.2475280764        3.7924175280
        2.3621580866        5.0788013206
        2.4767880969        4.6409857043
        2.5914181071        1.5720818574
        2.7060481173        0.0000000000
        2.8206781276        0.0000000000
        2.9353081378        0.0000000000
        3.0499381480        0.0000000000
        3.1645681583        0.0000000000
        3.2791981685        0.0000000000
        3.3938281787        0.0000000000
        3.5084581889        0.0000000000
        3.6230881992        1.1535777975
        3.7377182094        3.6235746119
        3.8523482196        7.0868405301
        3.9669782299        8.3877692146
        4.0816082401        9.1793135002
        4.1962382503        0.0000000000
        4.3108682606        0.0000000000
        4.4254982708        0.0000000000
        4.5401282810        0.0000000000
        4.6547582912        0.0000000000
        4.7693883015        0.0000000000
        4.8840183117        0.0000000000
        4.9986483219        0.0159236449
        5.1132783322        0.7552811270
        5.2279083424        1.7689865485
        5.3425383526        2.9710984561
        5.4571683629        3.5898305213
        5.5717983731        3.3953315885
        5.6864283833        2.4769636934
        5.8010583936        2.3401519684
        5.9156884038        3.8940571771
        6.0303184140        5.3501981572
        6.1449484242        5.0812718380
        6.2595784345        7.3523264586
        6.3742084447        3.2441024411
        6.4888384549        7.6146363115
        6.6034684652        2.3338225482
        6.7180984754        0.4944205437
        6.8327284856        0.7155727950
        6.9473584959        1.2113716951
        7.0619885061        1.4163232026
        7.1766185163        1.5508035741
        7.2912485266        1.4719159189
        7.4058785368        1.4779090281
        7.5205085470        1.5192581732
        7.6351385572        1.5744269429
        7.7497685675        1.3152863529
        7.8643985777        1.4479801827
        7.9790285879        1.4894378353
        8.0936585982        1.3090911427
        8.2082886084        1.1402397490
        8.3229186186        0.9078360331
        8.4375486289        1.1446482035
        8.5521786391        1.5958619982
        8.6668086493        1.2302054894
        8.7814386596        0.8975845665
        8.8960686698        0.6443018814
        9.0106986800        0.4952573857
        9.1253286902        0.3851375327
        9.2399587005        0.2870870235
        9.3545887107        0.1828078656
        9.4692187209        0.0627881524
        9.5838487312        0.0425483832
        9.6984787414        0.0180196173
        9.8131087516        0.0000000000
        9.9277387619        0.0000000000
       10.0423687721        0.0000000000
       10.1569987823        0.0000000000
       10.2716287925        0.0000000000
       10.3862588028        0.0000000000
       10.5008888130        0.0000000000
       10.6155188232        0.0000000000
       10.7301488335        0.0000000000
       10.8447788437        0.0000000000
       10.9594088539        0.0000000000
       11.0740388642        0.0000000000
       11.1886688744        0.0000000000
       11.3032988846        0.0000000000
       11.4179288949        0.0000000000
       11.5325589051        0.0000000000
       11.6471889153        0.0000000000
       11.7618189255        0.0000000000
       11.8764489358        0.0000000000
       11.9910789460        0.0000000000
       12.1057089562        0.0000000000
       12.2203389665        0.0000000000
       12.3349689767        0.0000000000
       12.4495989869        0.0000000000
       12.5642289972        0.0000000000
       12.6788590074        0.0000000000
       12.7934890176        0.0000000000
       12.9081190279        0.0000000000
       13.0227490381        0.0000000000
       13.1373790483        0.0000000000
       13.2520090585        0.0000000000
       13.3666390688        0.0000000000
       13.4812690790        0.0000000000
       13.5958990892        0.0000000000
       13.7105290995        0.0000000000
       13.8251591097        0.0000000000
       13.9397891199        0.0000000000
       14.0544191302        0.0000000000
       14.1690491404        0.0000000000
       14.2836791506        0.0000000000
       14.3983091608        0.0000000000
       14.5129391711        0.0000000000
       14.6275691813        0.0000000000
       14.7421991915        0.0000000000
       14.8568292018        0.0000000000
       14.9714592120        0.0000000000
       15.0860892222        4.6678775406
       15.2007192325        4.2044918589
       15.3153492427        3.2948043966
       15.4299792529        3.3743520817
       15.5446092632        3.2756485236
       15.6592392734        4.2826282385
       15.7738692836        3.2300760196
       15.8884992938        3.2014099920
       16.0031293041        6.0641336818
       16.1177593143        1.0585257767
       16.2323893245        1.9352389494
       16.3470193348        3.7250361136
       16.4616493450        0.0000000000
       16.5762793552        0.0000000000
       16.6909093655        0.0000000000
       16.8055393757        0.0000000000
       16.9201693859        0.0000000000
       17.0347993962        0.0000000000
       17.1494294064        0.0000000000
       17.2640594166        0.0000000000
       17.3786894268        0.0000000000
       17.4933194371        0.0000000000
       17.6079494473        0.0000000000
       17.7225794575        0.0000000000
       17.8372094678        0.0000000000
       17.9518394780        0.0000000000
       18.0664694882        0.0000000000
       18.1810994985        0.0000000000
       18.2957295087        0.0000000000
       18.4103595189       26.1919677405
       18.5249895292        0.0000000000
       18.6396195394        0.0000000000
       18.7542495496        0.0000000000
       18.8688795598        0.0000000000
       18.9835095701        0.0000000000
       19.0981395803        0.0000000000
       19.2127695905        0.0000000000
       19.3273996008        0.0000000000
       19.4420296110        0.0000000000
       19.5566596212        0.0000000000
       19.6712896315        0.0000000000
       19.7859196417        0.0000000000
       19.9005496519        0.0000000000
       20.0151796621        0.0000000000
       20.1298096724        0.0000000000
       20.2444396826        0.0000000000
       20.3590696928        0.0000000000
