# Tetrahedron method
      -11.1968425845        0.0000000000
      -10.5932025083        0.0000000000
       -9.9895624321        0.0000000000
       -9.3859223559        0.0000000000
       -8.7822822796        0.0000000000
       -8.1786422034        0.0000000000
       -7.5750021272        0.0000000000
       -6.9713620509        0.0000000000
       -6.3677219747        0.0000000000
       -5.7640818985        0.0000000000
       -5.1604418223        0.0000000000
       -4.5568017460        0.0000000000
       -3.9531616698        0.0000000000
       -3.3495215936        0.0000000000
       -2.7458815174        0.0000000000
       -2.1422414411        0.0000000000
       -1.5386013649        0.0000000000
       -0.9349612887        0.9561819632
       -0.3313212124        0.7188557766
        0.2723188638        0.2958964062
        0.8759589400        2.2135606407
        1.4795990162        1.9537694494
        2.0832390925        2.7601074955
        2.6868791687        1.0647453843
        3.2905192449        2.4717861110
        3.8941593211        1.1360191165
        4.4977993974        1.7018001765
        5.1014394736        1.0661092204
        5.7050795498        0.1089880788
        6.3087196261        2.8047067098
        6.9123597023        1.3005885205
        7.5159997785        0.2418431453
        8.1196398547        1.5322953569
        8.7232799310        1.9451745271
        9.3269200072        0.3084393334
        9.9305600834        1.6956512483
       10.5342001596        0.5888692737
       11.1378402359        1.0803523590
       11.7414803121        0.8420957682
       12.3451203883        0.0000000000
       12.9487604646        1.1738103979
       13.5524005408        1.9159979973
       14.1560406170        2.0334471921
       14.7596806932        2.1739631524
       15.3633207695        2.6717988531
       15.9669608457        1.1771147415
       16.5706009219        0.0000000000
       17.1742409981        0.0000000000
       17.7778810744        0.0000000000
       18.3815211506        0.0000000000
       18.9851612268        2.6436710775
       19.5888013031        1.9846842657
       20.1924413793        1.0142729394
       20.7960814555        0.0000000000
       21.3997215317        0.0000000000
       22.0033616080        1.4381189192
       22.6070016842        0.0000000000
       23.2106417604        3.3380903486
       23.8142818366        0.0000000000
       24.4179219129        0.0000000000
       25.0215619891        0.0000000000
       25.6252020653        0.0000000000
       26.2288421415        0.0000000000
       26.8324822178        0.0000000000
       27.4361222940        0.3866714738
       28.0397623702        1.9789835964
       28.6434024465        0.0000000000
       29.2470425227        1.7953473376
       29.8506825989        0.0000000000
       30.4543226751        1.6449312066
       31.0579627514        3.2809708672
       31.6616028276        3.1033201431
       32.2652429038        0.0000000000
       32.8688829800        3.2217108571
       33.4725230563        0.3262706513
       34.0761631325        0.0000000000
       34.6798032087        1.8828019133
       35.2834432850        0.0000000000
       35.8870833612        0.0000000000
       36.4907234374        0.0000000000
       37.0943635136        0.0000000000
       37.6980035899        0.0000000000
       38.3016436661        0.0000000000
       38.9052837423        0.0000000000
       39.5089238185        0.0000000000
       40.1125638948        0.0000000000
       40.7162039710        0.0000000000
       41.3198440472        0.0000000000
       41.9234841235        0.0000000000
       42.5271241997        0.0000000000
       43.1307642759        0.0000000000
       43.7344043521        0.0000000000
       44.3380444284        0.0000000000
       44.9416845046        0.0000000000
       45.5453245808        0.0000000000
       46.1489646570        0.0000000000
       46.7526047333        0.0000000000
       47.3562448095        0.0000000000
       47.9598848857        0.0000000000
       48.5635249620        0.0000000000
       49.1671650382        0.0000000000
       49.7708051144        0.0000000000
       50.3744451906        0.0000000000
       50.9780852669        0.0000000000
       51.5817253431        0.0000000000
       52.1853654193        0.0000000000
       52.7890054955        0.0000000000
       53.3926455718        0.0000000000
       53.9962856480        0.0000000000
       54.5999257242        0.0000000000
       55.2035658005        0.0000000000
       55.8072058767        0.0000000000
       56.4108459529        0.0000000000
       57.0144860291        0.0000000000
       57.6181261054        0.0000000000
       58.2217661816        0.0000000000
       58.8254062578        0.0000000000
       59.4290463340        0.0000000000
       60.0326864103        0.0000000000
       60.6363264865        0.0000000000
       61.2399665627        0.0000000000
       61.8436066390        0.0000000000
       62.4472467152        0.0000000000
       63.0508867914        0.0000000000
       63.6545268676        0.0000000000
       64.2581669439        0.0000000000
       64.8618070201        0.0000000000
       65.4654470963        0.0000000000
       66.0690871725        0.0000000000
       66.6727272488        0.0000000000
       67.2763673250        0.0000000000
       67.8800074012        0.0000000000
       68.4836474775        0.0000000000
       69.0872875537        0.0000000000
       69.6909276299        0.0000000000
       70.2945677061        0.0000000000
       70.8982077824        0.0000000000
       71.5018478586        0.0000000000
       72.1054879348        0.0000000000
       72.7091280110        0.0000000000
       73.3127680873        0.0000000000
       73.9164081635        0.0000000000
       74.5200482397        0.0000000000
       75.1236883160       10.7418141723
       75.7273283922        0.0000000000
       76.3309684684        0.0000000000
       76.9346085446        0.0000000000
       77.5382486209        0.0000000000
       78.1418886971        0.0000000000
       78.7455287733        0.0000000000
       79.3491688495        0.0000000000
       79.9528089258        0.0000000000
       80.5564490020        0.0000000000
       81.1600890782        0.0000000000
       81.7637291545        0.0000000000
       82.3673692307        0.0000000000
       82.9710093069        0.0000000000
       83.5746493831        0.0000000000
       84.1782894594        0.0000000000
       84.7819295356        0.0000000000
       85.3855696118        0.0000000000
       85.9892096880        0.0000000000
       86.5928497643        0.0000000000
       87.1964898405        0.0000000000
       87.8001299167        0.0000000000
       88.4037699930        0.0000000000
       89.0074100692        0.0000000000
       89.6110501454        0.0000000000
       90.2146902216        0.0000000000
       90.8183302979        0.0000000000
       91.4219703741        0.0000000000
       92.0256104503        0.0000000000
       92.6292505265        0.0000000000
       93.2328906028        0.0000000000
       93.8365306790        0.0000000000
       94.4401707552        0.0000000000
       95.0438108315        0.0000000000
       95.6474509077        0.0000000000
       96.2510909839        0.0000000000
       96.8547310601        0.0000000000
       97.4583711364        0.0000000000
       98.0620112126        0.0000000000
       98.6656512888        0.0000000000
       99.2692913650        0.0000000000
       99.8729314413        0.0000000000
      100.4765715175        0.0000000000
      101.0802115937        0.0000000000
      101.6838516700        0.0000000000
      102.2874917462        0.0000000000
      102.8911318224        0.0000000000
      103.4947718986        0.0000000000
      104.0984119749        0.0000000000
      104.7020520511        0.0000000000
      105.3056921273        0.0000000000
      105.9093322035        0.0000000000
      106.5129722798        0.0000000000
      107.1166123560        0.0000000000
      107.7202524322        0.0000000000
      108.3238925085        0.0000000000
      108.9275325847        0.0000000000
      109.5311726609        0.0000000000
